86
111111111111111111111100000000000000010100101010100101010101010101
00000000000000000000101010101001010101001010
1111101011010100
0000000101010110101
1111110100
000000000001010101
111111
010101010101
000000000000000000000000000000000000000000000000000000000000000000101011111111111111111111
1111111111111111111111111
00000000000000000000000000000001010000000000000000000000000000000
1100110011001100
0101010101010101
10100101011100101010
1101010110101010
01101010101011010101
0001110010110101
1010101010101010
111000111010
0101010101010101
10110101101010101010
111000111000111
00101010101010101010
101010101010101
0101010101010101010
11110000111100011100
0011001100110011
1010101010101010101
11001100110011001100
010101010101
1111110000001111
0010101010
1011010101010101
11001100110011
010101010101010
101010101010101010
111000111000
0011001100
10101010101
1100110011001100
01010101010101010101
1111000011110000
001100110011
1010101010101
1100110011
0101010101
111111000111
00110011001100
1010101010
110011001100
0101010101010
1110001110001110
0011001100110
101010101010
1100110011001100110
01010101010101
111100001111
001100110011001100
10101010101010101010
1100110011001100
0101010101010101
10100101011100101010
1101010110101010
01101010101011010101
0001110010110101
1010101010101010
111000111010
0101010101010101
10110101101010101010
111000111000111
00101010101010101010
101010101010101
0101010101010101010
11110000111100011100
0011001100110011
1010101010101010101
11001100110011001100
010101010101
1111110000001111
0010101010
1011010101010101
11001100110011
010101010101010
101010101010101010
111000111000
0011001100