100
111110101
00010101
11111010101
00001010101
111111111111111101010101
0000000101010101
11111110101010101
00000010101010101
1010101010101010101010101010101010101010101010
111111111111111111111111111111111111111111111111111111111111110101101010110101010
0101010101
101010101010
01010101010101
1010101010101010
010101010101010101
10101010101010101010
0101010101010101010101
101010101010101010101010
01010101010101010101010101
10101010101010101010101010
000111000111
111000111000111
001100110011
11001100110011
000111000111000
1110001110001110
00110011001100
1100110011001100
1010101010
0101010101
101010101010
010101010101
101010101010101
010101010101010
101010101010101010
010101010101010101
10101010101010101010
0101010101010101010101
111000111000
001100110011
111100001111
00110011001100
1010101010101
0101010101010
101010101010101
010101010101010
1010101010101010
0101010101010101
10101010101010101
010101010101010101
101010101010101010
0101010101010101010
10101010101010101010
01010101010101010101
101010101010101010101
010101010101010101010
111000111000111
0011001100110
101010101010
0101010101010
1010101010101
01010101010101
101010101010101
0101010101010101
1010101010101010
010101010101010101
101010101010101010
0101010101010101010
10101010101010101010
01010101010101010101
101010101010101010101
0101010101010101010101
111000111000111
0011001100110
101010101010
0101010101010
1010101010101
01010101010101
101010101010101
0101010101010101
1010101010101010
010101010101010101
101010101010101010
0101010101010101010
10101010101010101010
01010101010101010101
101010101010101010101
0101010101010101010101
111000111000111
0011001100110
101010101010
0101010101010
1010101010101
01010101010101
101010101010101
0101010101010101
1010101010101010
010101010101010101
101010101010101010
0101010101010101010