17 10 9
8 19 25
14 33 21
21 12 30
5 47 45
22 10 24
9 60 52
5 61 59
44 7 43
21 15 26
26 40 18
13 45 36
20 51 69
15 45 41
32 24 27
15 49 52
68 66 12
60 26 40
65 44 26
62 24 44
50 20 63
18 48 51
48 63 22
27 56 39
68 57 19
40 30 33
27 45 37
70 23 54
58 29 39
57 19 54
50 44 25
30 42 38
34 34 41
24 62 53
45 41 32
44 30 52
29 46 51
23 58 61
64 70 21
63 36 41
50 35 41
54 39 39
59 52 30
58 44 37
47 61 36
69 29 59
54 42 41
31 68 56
69 35 53
49 51 41
33 60 66
60 63 35
70 34 63
45 52 59
52 45 62
52 57 60
53 60 59
67 66 51
56 69 64
60 66 69
