31 11 21
15 30 16
22 24 7
15 40 26
13 34 23
4 51 50
27 44 18
35 9 29
10 24 23
15 30 19
14 31 21
5 62 60
19 23 15
25 15 22
36 28 14
12 50 60
10 43 39
38 10 39
50 50 8
51 25 29
39 37 13
54 56 9
15 33 39
25 23 24
25 33 20
28 22 24
67 67 8
19 38 30
50 18 65
42 23 27
30 28 54
48 40 16
13 48 49
39 21 55
27 35 28
47 25 33
37 24 51
58 35 30
48 28 32
22 44 40
39 27 54
26 44 40
38 30 40
31 41 36
49 44 27
37 51 33
61 50 26
46 39 34
49 27 56
56 33 41
54 39 35
45 63 32
58 25 61
35 43 48
49 66 32
66 59 26
51 32 51
38 61 43
48 36 54
62 42 47
36 56 65
48 46 52
45 48 55
65 55 38
65 37 66
59 41 63
49 55 61
64 59 45
43 61 69
68 45 63
52 54 68
61 47 69
56 55 67
47 70 66
65 56 64
65 64 66
