66 69 4
29 28 7
51 11 41
50 59 10
16 42 57
55 7 60
30 13 23
37 26 15
24 31 14
17 21 21
34 40 11
19 29 19
12 52 43
27 26 16
10 51 47
21 25 24
14 36 43
29 23 48
30 18 40
20 32 26
31 29 19
59 54 11
23 33 24
26 22 36
18 40 34
27 32 23
18 39 35
12 59 59
38 29 63
28 68 44
30 32 55
69 62 14
23 65 49
40 24 52
34 54 33
53 21 61
52 24 67
40 56 29
41 65 33
66 28 49
66 20 63
67 70 19
65 24 55
49 68 32
57 27 67
32 50 52
41 55 41
49 36 63
44 42 65
66 32 59
54 39 53
56 48 43
63 38 53
63 34 63
70 64 33
66 52 41
35 68 62
53 43 57
44 50 69
44 54 63
69 46 51
60 61 49
