67
31 62 32
38 50 45
57 33 40
43 29 64
24 56 46
68 68 58
43 26 40
58 33 55
38 44 60
43 9 45
64 62 25
51 44 48
58 41 54
13 20 11
24 32 21
30 39 61
24 26 31
8 56 63
35 67 41
11 31 25
31 52 61
8 23 30
52 66 52
44 65 56
52 30 64
20 20 29
36 59 47
54 65 16
67 52 29
31 4 31
47 61 53
70 41 48
6 54 53
21 69 70
67 66 22
30 48 31
60 36 33
42 35 15
31 64 45
36 32 38
8 42 45
13 53 48
58 62 51
31 44 67
66 43 51
52 24 64
50 35 22
37 16 30
43 28 59
61 39 27
69 42 50
19 55 55
57 32 52
62 65 36
62 47 40
12 10 16
8 19 12
16 31 18
26 33 27
33 22 37
46 65 61
27 48 51
49 43 24
66 64 70
32 51 33
68 33 55
22 40 48
