60
13 45 36
68 66 12
44 7 43
69 29 59
59 52 30
48 63 22
24 62 53
31 68 56
67 66 51
20 51 69
63 36 41
70 34 63
70 23 54
5 47 45
57 19 54
34 34 41
15 49 52
30 42 38
27 45 37
52 57 60
47 61 36
33 60 66
60 63 35
8 19 25
54 42 41
32 24 27
21 12 30
68 57 19
14 33 21
45 41 32
60 26 40
29 46 51
58 44 37
18 48 51
53 60 59
50 44 25
15 45 41
65 44 26
50 35 41
21 15 26
49 51 41
52 45 62
62 24 44
17 10 9
45 52 59
40 30 33
56 69 64
26 40 18
58 29 39
50 20 63
9 60 52
22 10 24
44 30 52
64 70 21
23 58 61
54 39 39
69 35 53
5 61 59
27 56 39
60 66 69
