76
13 48 49
27 35 28
22 24 7
39 27 54
51 32 51
26 44 40
61 47 69
47 70 66
25 33 20
38 30 40
64 59 45
45 63 32
47 25 33
25 15 22
30 28 54
37 24 51
54 56 9
28 22 24
49 44 27
65 64 66
43 61 69
46 39 34
38 61 43
22 44 40
25 23 24
58 25 61
49 66 32
13 34 23
67 67 8
37 51 33
15 33 39
5 62 60
65 56 64
38 10 39
42 23 27
59 41 63
48 28 32
39 37 13
19 38 30
66 59 26
35 43 48
61 50 26
50 50 8
54 39 35
15 40 26
15 30 19
36 56 65
31 11 21
68 45 63
45 48 55
19 23 15
65 37 66
51 25 29
48 46 52
10 43 39
15 30 16
27 44 18
62 42 47
52 54 68
65 55 38
10 24 23
39 21 55
31 41 36
49 27 56
49 55 61
50 18 65
58 35 30
36 28 14
48 36 54
12 50 60
48 40 16
35 9 29
14 31 21
56 33 41
4 51 50
56 55 67
