62
52 24 67
53 21 61
30 32 55
44 54 63
35 68 62
69 62 14
57 27 67
56 48 43
44 50 69
66 28 49
23 33 24
66 20 63
50 59 10
66 32 59
67 70 19
12 59 59
31 29 19
49 36 63
37 26 15
70 64 33
51 11 41
59 54 11
19 29 19
41 55 41
53 43 57
10 51 47
29 28 7
54 39 53
41 65 33
14 36 43
34 54 33
63 38 53
17 21 21
69 46 51
63 34 63
16 42 57
60 61 49
34 40 11
28 68 44
23 65 49
44 42 65
66 69 4
26 22 36
18 39 35
30 18 40
18 40 34
66 52 41
21 25 24
27 32 23
30 13 23
40 24 52
65 24 55
49 68 32
29 23 48
12 52 43
27 26 16
20 32 26
40 56 29
38 29 63
24 31 14
55 7 60
32 50 52
