100
57 10 57
45 52 49
65 40 65
64 62 60
42 28 30
55 58 46
26 50 61
20 47 59
49 31 47
24 27 29
50 16 65
55 58 7
30 24 13
29 44 68
17 34 28
63 69 50
6 51 55
70 36 54
7 7 7
31 26 10
34 23 35
52 21 66
53 34 56
64 46 63
40 30 55
41 60 61
31 64 58
29 41 40
32 24 51
61 29 38
55 18 50
27 19 22
64 55 20
57 57 61
39 27 52
30 53 70
63 64 13
27 53 35
16 44 53
44 36 36
34 59 29
60 43 33
60 64 39
19 9 13
28 51 27
69 37 60
50 46 45
50 33 51
47 51 47
36 62 33
50 41 21
58 43 33
25 54 47
36 24 54
29 26 54
62 53 15
24 19 20
6 16 20
26 63 55
22 69 52
26 29 25
44 60 44
40 68 49
53 27 62
45 46 45
5 60 56
37 36 59
64 50 26
33 39 53
57 63 28
38 49 17
23 18 27
58 64 18
58 57 67
50 13 59
62 54 24
43 44 38
30 31 30
46 35 33
47 20 56
40 21 46
35 59 50
60 62 33
35 17 34
64 54 32
47 29 28
32 68 60
30 67 51
29 47 20
35 66 55
43 54 14
51 16 63
21 27 24
40 42 17
42 19 24
70 64 47
55 38 35
32 70 68
60 47 33
35 15 29
