100
37 33 7
48 35 45
69 50 61
29 35 20
64 69 40
26 58 62
29 21 48
22 47 44
66 45 36
18 67 68
69 35 55
12 38 28
65 63 14
24 37 58
34 36 22
30 26 45
39 37 24
9 47 44
22 29 10
46 57 36
55 57 3
55 51 15
45 14 55
54 38 48
42 49 17
30 55 63
55 51 50
57 8 51
65 68 13
50 55 23
65 56 12
58 40 63
49 39 70
41 33 10
53 46 23
56 45 40
48 26 66
63 20 51
20 38 45
29 32 20
63 56 30
64 47 52
64 55 20
43 43 24
32 14 44
53 43 32
34 44 70
47 38 66
49 43 22
24 39 57
48 52 7
31 14 32
70 21 54
31 67 39
43 43 18
50 63 23
15 62 52
13 39 34
69 68 44
49 52 28
37 22 41
50 48 32
65 14 59
21 41 25
10 39 34
23 25 46
55 55 67
47 62 29
10 30 24
10 34 32
37 56 57
24 52 53
61 43 28
50 62 35
65 34 52
49 32 44
30 33 47
66 59 62
62 51 66
38 45 21
57 32 47
59 46 43
3 42 42
34 28 9
47 14 52
35 63 35
19 40 37
24 47 40
59 60 35
9 48 49
61 13 53
62 44 56
40 28 14
56 64 42
63 64 43
70 53 44
34 29 58
56 25 43
69 58 32
15 43 38
