100
69 48 67
41 45 25
70 50 27
33 27 8
68 46 40
36 57 22
60 47 49
66 53 15
26 27 41
33 68 45
58 65 20
39 10 37
25 34 12
64 45 22
2 57 58
46 56 64
44 39 47
69 35 62
63 54 28
16 55 45
34 30 22
52 41 68
56 33 52
32 63 37
63 25 49
49 30 21
54 70 24
49 26 35
39 35 60
59 67 35
54 28 27
54 64 42
28 16 42
59 45 25
18 64 56
18 25 32
39 19 47
44 41 44
41 66 50
52 68 33
11 61 54
69 12 68
34 35 11
55 37 22
70 46 36
15 15 27
49 66 24
11 45 46
47 67 48
30 65 59
39 28 36
28 66 61
55 23 68
21 21 41
56 12 65
69 24 65
21 53 62
38 15 33
66 58 44
22 58 58
23 8 20
63 36 36
66 13 58
20 32 24
36 18 31
55 22 35
11 24 27
46 20 51
45 26 54
69 48 29
34 15 24
44 50 41
51 61 23
55 45 38
48 58 66
45 68 56
21 32 37
25 24 40
59 65 40
47 16 40
65 48 59
58 49 29
69 29 57
50 27 42
70 62 64
52 46 22
8 10 12
49 70 35
36 30 55
58 37 47
5 68 67
56 55 31
37 32 60
33 32 39
27 33 43
45 69 41
27 18 16
42 52 33
23 61 54
36 35 2
