75
51 66 59
64 67 36
13 53 43
57 42 53
34 47 61
17 63 53
24 29 19
66 27 60
47 61 66
38 30 21
48 40 26
41 26 62
33 63 32
52 39 35
23 68 63
21 54 59
25 28 51
38 30 11
8 13 8
18 33 34
46 29 52
37 57 27
18 43 48
61 17 68
51 66 27
45 58 31
21 25 13
24 40 31
39 59 32
37 51 28
5 42 43
56 53 5
52 66 38
64 17 62
23 67 56
50 48 44
23 14 24
39 37 28
43 30 23
13 41 33
19 45 50
61 58 36
46 22 49
12 14 8
62 45 48
39 59 62
70 61 44
70 49 55
48 50 60
53 46 29
23 26 17
43 31 69
22 54 49
33 15 29
35 51 56
41 63 40
57 45 15
44 36 47
13 8 20
24 68 62
20 38 22
59 36 67
20 37 41
29 44 52
14 38 29
35 39 64
43 66 56
54 48 13
54 24 48
38 33 46
69 53 25
31 37 25
65 22 54
30 17 43
42 41 26
